1.6721169084947843e-07
1.2162863033140264e-07
1.6553764309632767e-07
1.786702285673621e-07
2.288392363071285e-07
1.5913445784242918e-07
1.7435058445278906e-07
1.8907743063401474e-07
2.4616191471568597e-07
2.1646301053905042e-07
2.3968428364446143e-07
1.8401026421937544e-07
1.5241448418553226e-07
1.397087921821392e-07
1.3258468365232512e-07
2.0175798167138066e-07
2.3566968881784006e-07
1.3402909381522607e-07
2.0792128795413672e-07
2.2854389941924136e-07
1.7083777561019757e-07
1.5791850327768246e-07
1.8957159683637191e-07
2.149730516262397e-07
1.7201430095942765e-07
2.564352997297286e-07
1.3249643107425813e-07
1.9801972864352022e-07
2.0778678243679465e-07
1.7292757711745295e-07
1.9062719549639624e-07
1.78207649381173e-07
1.6992801019145062e-07
1.3104836237266833e-07
1.2328086896653739e-07
3.277667494306539e-07
1.341164398703357e-07
1.3004751963760247e-07
1.266660847814372e-07
1.649778726011618e-07
1.646220256864384e-07
1.9581802536347258e-07
2.6456107505015157e-07
1.7905723530308074e-07
2.2458091200481204e-07
1.523560408596463e-07
1.835906111775688e-07
2.0635019536561202e-07
2.24547475184628e-07
2.1191774540311312e-07
1.6835719866292918e-07
1.869942538279481e-07
1.6395884419865102e-07
1.5343014324139556e-07
1.4677939922254175e-07
2.1212311761576778e-07
1.7245719093718793e-07
1.9788132583309426e-07
1.8603047811304496e-07
2.1916760017357833e-07
1.3767988124804512e-07
5.752065481337117e-07
2.8075746797950086e-07
1.360064858330207e-07
1.4734334045817387e-07
1.6176373149183264e-07
2.440326469169031e-07
2.242257443254909e-07
2.1564320708754557e-07
2.0901779652929945e-07
2.255709082347446e-07
1.7397717454871818e-07
1.3004336769714875e-07
1.7169819342556568e-07
2.468062791311224e-07
1.293674803797997e-07
1.219216750268192e-07
1.5327970566485582e-07
1.6208163756830888e-07
2.316836888183318e-07
2.8990842068324236e-07
1.7021242608676862e-07
2.054790841619343e-07
2.538238075567485e-07
2.577607680120199e-07
1.8536063001563524e-07
1.879361915925975e-07
2.2302657307684687e-07
2.2503045044597086e-07
1.32436977866539e-07
1.739695650403497e-07
1.619795262091766e-07
1.4767073014121098e-07
1.2626503282433922e-07
1.4530914147293248e-07
1.5205333195881575e-07
1.51155644400954e-07
1.195785272121925e-07
1.4769153319113356e-07
1.848816773772069e-07
1.962666238386068e-07
1.811994226115814e-07
1.5318304513704422e-07
1.570142156940432e-07
1.4476305645195227e-07
1.3736368298820885e-07
1.3809112304493098e-07
1.808351816936357e-07
2.207240967864194e-07
2.169575506959042e-07
2.5488298183221975e-07
1.7887414584908702e-07
1.6228277830816465e-07
2.2263966087271395e-07
1.6769276782783364e-07
2.1073463298692764e-07
1.9591876508748735e-07
1.630967408344695e-07
1.605322454816927e-07
1.8558802393091368e-07
1.8007933352224094e-07
1.7980304541156692e-07
1.959848877730656e-07
2.0846553027508975e-07
1.642898899977876e-07
1.7134806606262417e-07
1.5263809205397348e-07
2.1672740675846975e-07
1.7226675726257887e-07
1.6481390590190986e-07
1.6527478089957398e-07
1.6328410761953386e-07
2.5551317761260236e-07
2.0709979242847517e-07
1.367808160944685e-07
2.1602090714839793e-07
1.5916605155293544e-07
1.4845512679316636e-07
2.9433768011512425e-07
1.507299036855923e-07
2.3659989914681465e-07
1.419158379576765e-07
1.8092005620158595e-07
2.2282608735405158e-07
1.8941006995964983e-07
1.7321669945430353e-07
1.544069282577679e-07
1.3712131251499838e-07
2.1293492300213665e-07
1.5498667779880422e-07
1.9154592966165697e-07
2.4566258752247237e-07
1.3013706717510215e-07
1.3221326675214353e-07
3.7645605131332854e-07
1.6263085707724181e-07
1.7163860307664963e-07
1.3444043866189312e-07
2.2993041623356727e-07
1.4488332480812345e-07
1.5264423606329354e-07
2.0172611957153527e-07
1.6816207141990484e-07
2.4690603207337077e-07
1.6478109673958198e-07
1.4161922809333228e-07
1.2629318558489665e-07
1.3763225282706201e-07
1.8242206321155564e-07
1.7991738062252672e-07
2.5604819228668537e-07
2.7194874975784743e-07
2.0687241762447092e-07
1.4693462653717472e-07
1.7991488329843883e-07
2.25400974648494e-07
1.2881023621332203e-07
2.385867533918135e-07
1.7987357872050384e-07
1.962946437353406e-07
1.7504770591949276e-07
1.298173831964695e-07
1.698616063694812e-07
2.0580204174909775e-07
1.9822609687810103e-07
1.3766789119225548e-07
2.213384771140003e-07
1.358685672682812e-07
1.2945127174766012e-07
1.0786122880712978e-07
2.649215697034513e-07
1.8489806902338328e-07
2.5941590408268814e-07
2.473511732162388e-07
1.3761174093512867e-07
1.6578766976058124e-07
2.525981109279302e-07
1.470700097079078e-07
2.9980988776515826e-07
1.644060392590124e-07
1.592472485574722e-07
1.8575857104067298e-07
1.7363156993736957e-07
2.080612226259695e-07
6.4486945894685e-07
2.164824580143769e-07
1.7588749190964983e-07
2.1987519972887337e-07
1.3135898415116753e-07
1.9433024846040412e-07
2.2645977278799223e-07
2.2173656820089363e-07
1.9176977375507894e-07
2.240347166338072e-07
1.9098668352744774e-07
2.2774378184680928e-07
1.9810830820177725e-07
2.7312811004175273e-07
1.5956244175890242e-07
1.8771669869830934e-07
1.262621852465636e-07
1.609068205241108e-07
2.2303451313358016e-07
5.868403079921913e-07
1.5971488059729996e-07
2.5741539052240227e-07
2.0134280150825187e-07
2.5317153347010205e-07
1.421434229825589e-07
1.5734710379844308e-07
1.913594356686788e-07
1.8298421676455823e-07
1.7637829125495765e-07
1.900101542699228e-07
2.1308709303393913e-07
1.372471437450135e-07
1.3642510094028953e-07
2.473176896645605e-07
2.2764838037120616e-07
2.3698673100855702e-07
2.1356080315123965e-07
2.2574769621932716e-07
1.9107027614081142e-07
2.1712652776508242e-07
1.8631219087406368e-07
2.198979326443594e-07
1.314226839944999e-07
1.8388738468255045e-07
1.3138470245654024e-07
1.5670289553462032e-07
2.284038231030224e-07
2.602229430390444e-07
2.041591913640628e-07
2.1292513701427674e-07
1.9573572307940225e-07
2.0775722710355224e-07
1.6143210224987015e-07
1.259013828287587e-07
2.4641088447360076e-07
2.3262646576703437e-07
1.9463995829087372e-07
1.9720396451936603e-07
1.8313085218843452e-07
1.5234035838038455e-07
2.4711643696007743e-07
1.1330786615429053e-07
1.7426928557567891e-07
1.4214175765472968e-07
2.0942398811528192e-07
1.8638239289118226e-07
1.5021023896522375e-07
1.7534694479608225e-07
3.427255231328499e-07
1.8749592214123174e-07
1.689072267352641e-07
1.7463417387505904e-07
1.9528227829893187e-07
1.677940221914679e-07
1.8500466431811715e-07
1.9625563160323052e-07
1.1908011880168841e-07
1.4274950190908282e-07
1.8217584588307787e-07
2.7258392637239647e-07
1.9325279090327056e-07
1.7041253493902563e-07
1.7859183175947498e-07
2.001160641434978e-07
1.452282041167021e-07
1.4710905053166513e-07
1.846341961775715e-07
1.2320878943504425e-07
2.0402324142248264e-07
2.0942884647471992e-07
1.6022262108369934e-07
2.7417051818035523e-07
1.9216477444980488e-07
2.0636362708701046e-07
1.8933767377587437e-07
1.3810549036367098e-07
1.778509647965346e-07
2.2429771782104076e-07
1.7778057696297687e-07
2.546174084552068e-07
1.2604495015700313e-07
2.014934607481417e-07
1.3735167493073093e-07
2.1891021006456536e-07
1.9595372392980208e-07
1.8237368217077103e-07
2.604919504751407e-07
2.0316872385865804e-07
1.5891240018482085e-07
1.8620475485815356e-07
1.6081641443603712e-07
1.4996089033553532e-07
2.1869390347811432e-07
1.7207415755496582e-07
1.3548253168826106e-07
1.9359602530374773e-07
1.888591408642355e-07
2.217260353968765e-07
2.6042981015172314e-07
1.842716115135087e-07
1.9093628810881803e-07
2.1741251305016515e-07
2.3323266245228806e-07
1.8297851370094647e-07
2.139165463670476e-07
1.3014729510335707e-07
1.5744686383833323e-07
1.60493778880128e-07
1.844870488563857e-07
2.637544319161941e-07
1.9265421474359075e-07
2.5037036206724354e-07
1.7893410492840252e-07
1.3994574127636585e-07
1.9559239225187273e-07
1.4009800223435143e-07
1.3465816443725487e-07
1.5727626410701953e-07
1.6326713929680514e-07
1.8472117140342434e-07
1.3120252556364025e-07
2.0383022277077807e-07
1.9311693017646526e-07
1.6817782273877915e-07
1.1271957466076316e-07
2.1940021744778716e-07
1.8739235959428146e-07
1.6803851949490003e-07
1.6140455768067273e-07
1.4023742779571397e-07
2.2480664097883286e-07
1.1040210371317826e-07
1.9416164192897905e-07
1.9988406807518074e-07
1.9450358516093675e-07
2.2289884843443586e-07
2.1576452789637675e-07
1.5329573117875453e-07
2.2896634620336602e-07
1.9452972376649992e-07
1.981604717665115e-07
1.988627233953395e-07
1.8181589114979533e-07
1.8381423728760003e-07
1.8231380633893262e-07
2.143632139469522e-07
1.2357154995400317e-07
2.0017532981882257e-07
1.3548287002009845e-07
1.8896883590082381e-07
1.936885256510764e-07
1.7858744972518456e-07
1.8275905329290437e-07
1.2709380699452838e-07
6.453616896429028e-07
2.052895177586473e-07
1.5985833730121125e-07
2.4760062037276887e-07
1.8528002753749264e-07
1.6670501422859467e-07
2.6493190003236946e-07
1.8921048526025376e-07
1.8894628650230714e-07
1.7646990054726616e-07
1.668881889903446e-07
2.1367407849598806e-07
1.9771195016524016e-07
1.8767908693552933e-07
2.3712762160238639e-07
1.9571883100600647e-07
1.4630427610170902e-07
1.4523194012215875e-07
1.0358265439296104e-07
2.0550630500486936e-07
1.6063733500180948e-07
1.187152822153714e-07
2.5803678079444667e-07
1.534150445181509e-07
2.4259212430353985e-07
1.329114875167009e-07
1.2787207290713903e-07
1.7639079804998242e-07
2.29015405472846e-07
1.9336810322158868e-07
2.285465926765111e-07
2.261784500773006e-07
2.7138965031503564e-07
2.0842731991313663e-07
1.1555189862405907e-07
1.5885869568804072e-07
2.1108752953028495e-07
1.90321801233551e-07
2.699632052222925e-07
1.7675749193208486e-07
1.507344223201707e-07
1.9036789546306277e-07
1.6351172471820402e-07
2.362272001072064e-07
2.8340803726330124e-07
2.4677119359299926e-07
2.417927899184979e-07
3.5580812976321273e-07
1.7203700701422525e-07
2.1984201437210397e-07
1.3528541100353718e-07
1.1801916529170852e-07
2.1054671194822675e-07
1.2351803363202353e-07
1.8126029778853898e-07
1.0740542043832538e-07
1.8068471683386564e-07
2.2034276289170532e-07
2.2802424576856627e-07
1.5271898703015168e-07
1.6712367645183808e-07
1.7934048773578092e-07
1.8250713351028133e-07
2.387150682475918e-07
1.8256671681570016e-07
2.409548847557831e-07
1.8248584327434455e-07
1.6373334034097276e-07
2.6018554740484564e-07
1.7539732995210312e-07
1.9060194323993628e-07
1.6481047466454865e-07
2.1406574505044376e-07
3.212255676907911e-07
1.9799639729588338e-07
2.0517415894769368e-07
1.5452456995330923e-07
1.4233933395241857e-07
1.8096677310357241e-07
1.7008244505170064e-07
2.5581963498937484e-07
2.2370533869862442e-07
1.564292183998709e-07
2.030520163554311e-07
1.8893358592819865e-07
2.1157331511874088e-07
1.1518851527949476e-07
2.745073481940051e-07
2.0189332462605135e-07
2.396157154066547e-07
1.967788444078612e-07
1.2199445242716782e-07
1.521654005816881e-07
1.6888423347130109e-07
1.5912719594113692e-07
2.0147379781923002e-07
2.275158768933126e-07
2.3927097402800633e-07
1.454700056553825e-07
2.635089479461108e-07
2.1237288953191585e-07
1.712273144140374e-07
1.4664471853179458e-07
1.752913714095783e-07
1.9296073874923823e-07
1.7728412887599973e-07
1.7654764192769547e-07
1.737173105699002e-07
1.657388594410236e-07
1.4678258646567905e-07
2.0349341030595453e-07
1.6743997009044162e-07
1.4919482014722088e-07
1.7644308733252556e-07
1.4304809074689346e-07
1.2998270146160424e-07
1.4485567501042e-07
2.3840946259740089e-07
2.2613038242458695e-07
2.3106775626236843e-07
2.495652843123625e-07
1.7344640604382778e-07
