1.0796066591602841e-07
2.431972009618031e-07
2.1221715737409955e-07
1.7801503661853252e-07
1.3161583366803946e-07
1.8264427342196195e-07
1.743574585827436e-07
2.382518257933771e-07
3.9435352044144614e-07
2.2555650589329065e-07
1.869909850825015e-07
2.4876679757328254e-07
1.5772649072892802e-07
2.2031042371362358e-07
1.9867994599325023e-07
1.37833891455114e-07
1.3070832726063236e-07
2.237587113704915e-07
2.3946498730196194e-07
1.1643061104319637e-07
2.2916142360023184e-07
1.1339649720183867e-07
1.4668852544467466e-07
1.5009472438896134e-07
1.895029823211462e-07
2.630471548062639e-07
2.3631835733711446e-07
1.8190271171824968e-07
2.0229578347616903e-07
1.5970779814533298e-07
2.2681254981782967e-07
1.6531812359048273e-07
1.8520383345193295e-07
1.8219990756417144e-07
1.6174137578254002e-07
2.2075111178019757e-07
1.7263686110939858e-07
1.5227315801064368e-07
2.2159111647469678e-07
1.7094201741746726e-07
1.6044832043728227e-07
2.1114558126290412e-07
1.6031187938130548e-07
2.140240324442763e-07
1.601996578544201e-07
2.3747911770923517e-07
1.8494300054947614e-07
4.704207988434176e-07
1.3212481197737382e-07
2.3351356066817413e-07
1.985586476566665e-07
1.9931522106755047e-07
1.5502513588750647e-07
2.7653213714156994e-07
1.7916168217280963e-07
1.9779405852827285e-07
2.0907565741756613e-07
2.1515928477878356e-07
1.5108581852821388e-07
2.016385741323263e-07
1.8163738142084057e-07
2.1696122764953796e-07
1.9562139526921307e-07
6.912059032317798e-07
1.4993095030715056e-07
1.5189064990064314e-07
3.190215320922376e-07
1.800739720023148e-07
1.935318248081985e-07
1.596461928814548e-07
1.8056204292018085e-07
1.576818231811234e-07
2.083015819728792e-07
1.740259497650203e-07
2.0353331933388614e-07
1.9010014631901507e-07
1.765509899364101e-07
2.0670965741098555e-07
2.1850793840751843e-07
1.6550844830679394e-07
2.0631032536069862e-07
1.5252984413297345e-07
2.724464814718133e-07
2.034035639691969e-07
2.1859536686293007e-07
2.3520586855325327e-07
5.225848962900797e-07
1.6786928580350634e-07
1.4078511861035816e-07
3.2069344248332567e-07
1.5112076623798645e-07
2.2739031337777844e-07
1.749492487693477e-07
1.5347335807792027e-07
1.6327627427783075e-07
2.1981949659869106e-07
1.5217951803189625e-07
1.5192407765605464e-07
2.834429924239507e-07
2.192246730119015e-07
2.1012022103484578e-07
1.5906766544278082e-07
1.8856714927519262e-07
2.0100772376135032e-07
1.8911915517107606e-07
1.4870677220166722e-07
1.3484644360672603e-07
1.5273402324395814e-07
2.206061014946319e-07
1.1459506425309998e-07
1.6932630464195667e-07
9.176902931929602e-08
1.5908806332511022e-07
1.7458816079667062e-07
1.8402505080256354e-07
2.0599206684216344e-07
1.410471744739451e-07
5.257233770096276e-07
2.466743689208502e-07
1.553169864890562e-07
2.135634894560842e-07
2.212057900706965e-07
1.3839736208034278e-07
1.4850175073136412e-07
1.429517695435483e-07
1.9787633671070656e-07
1.757065993356791e-07
1.5571844229747488e-07
1.7600831054373063e-07
2.2486158835814997e-07
2.085485229475902e-07
1.917539841547919e-07
2.0021351003252325e-07
1.72981375563559e-07
1.7786943591655474e-07
2.0918185373043695e-07
2.1028710761600246e-07
2.106292510910372e-07
2.0453008785036988e-07
1.521778488658846e-07
2.6601243530424357e-07
1.8114518741324913e-07
1.5503957937556136e-07
1.7830762740186055e-07
1.9455780240207623e-07
2.0288637051745147e-07
1.5459738689147715e-07
1.669306995121884e-07
1.7627836824605147e-07
1.7915913775052018e-07
1.8475739685405104e-07
1.6144165121126738e-07
1.906587875367761e-07
2.8723553485215773e-07
1.9207117433411092e-07
1.92582713441241e-07
1.3905291261815924e-07
1.7131643960334808e-07
1.519857852799268e-07
1.4468537356341985e-07
2.75097697698019e-07
1.8912493744039276e-07
1.3466535351059832e-07
2.1257863520694382e-07
2.2919790302691093e-07
1.8474053713654723e-07
1.9635307595781733e-07
1.1659193979950846e-07
1.573569178470187e-07
1.2877929596563408e-07
2.205907572575171e-07
1.841513968153077e-07
1.7442139761669214e-07
2.4077536759066185e-07
1.6242603961492378e-07
1.7381755388327092e-07
1.8977025580222968e-07
2.1000432802531996e-07
1.9185883104500166e-07
1.7740366859943728e-07
1.4093967489105687e-07
1.6219112093359912e-07
2.460245039935326e-07
2.0162266562595728e-07
1.4463480821384005e-07
2.1006669991496374e-07
1.6401171613870909e-07
1.7180518684763641e-07
1.1692167032426854e-07
1.673045723281741e-07
1.4290016302058343e-07
1.3892246396662753e-07
2.1748226629051115e-07
9.72728549071698e-08
1.7825919071619906e-07
1.457760430186251e-07
2.170170443978907e-07
1.34676804566789e-07
2.0534704146087233e-07
1.9574217604946636e-07
2.1633117535378936e-07
2.2455328125535028e-07
1.232295897621457e-07
2.0866506375928638e-07
1.430799473458054e-07
1.21291416823916e-07
1.855536988203587e-07
1.9419869729323613e-07
1.801213024142236e-07
1.662303590479757e-07
1.8741452040044684e-07
2.2693858008755544e-07
4.161139175142168e-07
1.4254566489281241e-07
1.85432999253968e-07
2.1372029852851246e-07
1.7357455920006548e-07
1.1265918295460543e-07
1.8197420426082943e-07
2.8361310595319283e-07
1.1710929743711507e-07
1.4562023806832636e-07
2.827844869756695e-07
2.3768425191028948e-07
1.3992320347277583e-07
1.4396489417091467e-07
2.136008014681684e-07
1.8493466086866243e-07
1.9876111306596163e-07
1.5870933833626422e-07
2.2816980153804086e-07
2.68547969582915e-07
1.3094014781368387e-07
1.1914844756107633e-07
2.7854842321823636e-07
1.6835570257413244e-07
1.231249392563179e-07
2.093670614923068e-07
1.2405501696076108e-07
3.455723604747681e-07
1.9001942831786464e-07
1.5253443502641115e-07
1.5531844090013736e-07
1.8486920687716677e-07
1.7438904837116418e-07
1.5114859932062256e-07
2.3613434218412086e-07
2.7478680780565856e-07
1.563745768562536e-07
1.5505860213318918e-07
1.231323468686495e-07
2.1601772428121915e-07
2.0884822674267795e-07
1.8489030553620969e-07
1.8313539472038652e-07
1.2479278262868982e-07
1.2224870061425429e-07
2.2296062431932988e-07
1.3692240583187132e-07
1.2996209383412703e-07
2.2379187613539078e-07
1.506112300133009e-07
1.9957498909518133e-07
2.6128331250829713e-07
1.631911332301604e-07
1.6837598260723216e-07
2.0763805665142542e-07
2.2970265234782856e-07
2.0946009752800675e-07
1.416942508936117e-07
1.870664994368239e-07
2.04876991750713e-07
2.644370469740492e-06
2.0658857873975766e-07
2.784840282739166e-07
1.4813213207346192e-07
1.5516021920244926e-07
2.2161857703084044e-07
1.7383952736063945e-07
1.7518660286984093e-07
1.6168859270168396e-07
1.960894464776065e-07
2.2867752835351678e-07
1.748146569385179e-07
1.5344924286561388e-07
1.8797446438331934e-07
1.231130207847667e-07
1.8029478552765894e-07
1.475110758136122e-07
1.5444413836446631e-07
1.8900911748060848e-07
1.8027806533077753e-07
1.9290043031409762e-07
1.644890235702112e-07
1.5549645979009897e-07
1.9102378595624233e-07
2.096043606256674e-07
2.2872328118223315e-07
2.4393315558182995e-07
2.45704595730458e-07
2.1865196162249593e-07
1.475127162737063e-07
1.4052078953635084e-07
1.8671175037279427e-07
2.120151451766379e-07
1.3851028438145286e-07
1.8263933143876297e-07
2.020454061892767e-07
1.7513305020647387e-07
2.3011273480940103e-07
1.85510326608238e-07
1.5468042846447591e-07
2.388939922726592e-07
1.5651470318829903e-07
1.8560414625233561e-07
1.6602580710854634e-07
1.4140630879359967e-07
1.2911497170951334e-07
2.0702402366043828e-07
1.4434032340302276e-07
1.9004192354079521e-07
3.557714526006641e-07
2.5014350903912944e-07
2.188938476428827e-07
1.4758011245675123e-07
1.6544996042382514e-07
1.9222518876884438e-07
2.1476544747363148e-07
1.771198441826958e-07
2.769437878842975e-07
1.7396596440695742e-07
1.8942087625848273e-07
2.2970236987878087e-07
2.760479659410903e-07
1.2610891000335946e-07
1.7881765424861322e-07
2.388633817256887e-07
1.6642600942722292e-07
1.7311144612244446e-07
1.932378297392796e-07
1.8718834413680056e-07
1.8315770649646795e-07
1.457695026189805e-07
1.7352918120300062e-07
1.827553978968696e-07
1.861155476091658e-07
1.6930298874076954e-07
1.9770779498359306e-07
2.073838628102093e-07
1.8441572394626643e-07
1.677962545587197e-07
1.9848779616762927e-07
1.7049431204885002e-07
1.8043543651468108e-07
1.8937711062076418e-07
1.770723447308802e-07
1.8637742919753226e-07
1.665239313437767e-07
1.721278372679244e-07
1.6850447016470698e-07
1.677674405537188e-07
1.7389076495028054e-07
1.8197561988711016e-07
1.9288219643838795e-07
1.8237825405605118e-07
1.9415376179923174e-07
2.0735948556847434e-07
1.93172859971209e-07
1.862172756161389e-07
2.018564578608074e-07
1.846260409803891e-07
1.8455744948614274e-07
1.9192154619526842e-07
1.9240254697221476e-07
1.8600970486672127e-07
1.8767732961183188e-07
1.8620761704939492e-07
2.053341675000534e-07
1.8887135583038588e-07
2.0726224027102541e-07
1.9961767010371095e-07
1.8691268025501772e-07
1.6994819633102792e-07
1.725769020086049e-07
1.76406234053356e-07
1.9422678811002596e-07
2.0581668093872167e-07
1.7910146709935705e-07
2.1240947538680335e-07
2.0235100857069473e-07
1.7074336834495308e-07
1.7296405868504696e-07
1.9148467311938183e-07
1.800091808358082e-07
1.7857477336911818e-07
1.8365215963439798e-07
1.9280185332107877e-07
1.9838681778782875e-07
1.5956648055195042e-07
1.8402555484774565e-07
1.9813364361994076e-07
2.2327904676775414e-07
2.0096094484775102e-07
2.3022882926929108e-07
2.1113508565010743e-07
1.7596568682658197e-07
1.9809606156883131e-07
1.8332760970925591e-07
1.8220821044354375e-07
2.056440187711838e-07
1.8028845540740907e-07
1.7892293049853342e-07
1.9489733254775155e-07
2.1441282435037835e-07
1.7258837559004698e-07
2.0407904282023974e-07
1.68843786805397e-07
1.7433015734695355e-07
2.0204555165876944e-07
1.8244690329723703e-07
1.6466371640992215e-07
1.6543041450797454e-07
1.9825382148159285e-07
1.5441649230912643e-07
1.8103424188409679e-07
1.8461364964642565e-07
1.8316187713233102e-07
1.906566565034799e-07
1.8246911751337594e-07
1.856953733115949e-07
1.6713099501174186e-07
1.8839944509373112e-07
1.959093878101675e-07
2.1248863771114075e-07
1.7532097044892625e-07
1.9672534467613064e-07
1.9165092746340333e-07
2.0282730331784555e-07
2.1446214434589633e-07
1.7533457218805048e-07
1.5754230475144595e-07
1.606230431317422e-07
1.8987839298862755e-07
1.9924208965576535e-07
